0	1
0.001	1
0.002	0.9999
0.003	0.9997
0.004	0.9994
0.005	0.999
0.006	0.9985
0.007	0.997901
0.008	0.997201
0.009	0.996402
0.01	0.995503
0.011	0.994505
0.012	0.993407
0.013	0.99221
0.014	0.990914
0.015	0.989518
0.016	0.988024
0.017	0.986431
0.018	0.984739
0.019	0.982948
0.02	0.98106
0.021	0.979073
0.022	0.976988
0.023	0.974806
0.024	0.972526
0.025	0.970149
0.026	0.967675
0.027	0.965104
0.028	0.962437
0.029	0.959673
0.03	0.956814
0.031	0.953858
0.032	0.950808
0.033	0.947662
0.034	0.944422
0.035	0.941087
0.036	0.937658
0.037	0.934135
0.038	0.930519
0.039	0.926809
0.04	0.923007
0.041	0.919113
0.042	0.915127
0.043	0.911049
0.044	0.906881
0.045	0.902621
0.046	0.898271
0.047	0.893832
0.048	0.889303
0.049	0.884685
0.05	0.879979
0.051	0.875184
0.052	0.870303
0.053	0.865334
0.054	0.860278
0.055	0.855137
0.056	0.84991
0.057	0.844598
0.058	0.839201
0.059	0.833721
0.06	0.828157
0.061	0.822511
0.062	0.816782
0.063	0.810972
0.064	0.80508
0.065	0.799108
0.066	0.793056
0.067	0.786925
0.068	0.780715
0.069	0.774427
0.07	0.768061
0.071	0.761619
0.072	0.755101
0.073	0.748507
0.074	0.741838
0.075	0.735095
0.076	0.728278
0.077	0.721389
0.078	0.714428
0.079	0.707395
0.08	0.700291
0.081	0.693117
0.082	0.685874
0.083	0.678563
0.084	0.671183
0.085	0.663737
0.086	0.656224
0.087	0.648645
0.088	0.641002
0.089	0.633295
0.09	0.625524
0.091	0.61769
0.092	0.609795
0.093	0.601839
0.094	0.593823
0.095	0.585747
0.096	0.577613
0.097	0.569421
0.098	0.561172
0.099	0.552867
0.1	0.544506
0.101	0.536091
0.102	0.527623
0.103	0.519102
0.104	0.510529
0.105	0.501904
0.106	0.49323
0.107	0.484506
0.108	0.475734
0.109	0.466915
0.11	0.458048
0.111	0.449136
0.112	0.440179
0.113	0.431178
0.114	0.422133
0.115	0.413047
0.116	0.403919
0.117	0.394751
0.118	0.385543
0.119	0.376297
0.12	0.367013
0.121	0.357693
0.122	0.348337
0.123	0.338945
0.124	0.32952
0.125	0.320062
0.126	0.310572
0.127	0.301051
0.128	0.2915
0.129	0.28192
0.13	0.272311
0.131	0.262676
0.132	0.253014
0.133	0.243326
0.134	0.233615
0.135	0.22388
0.136	0.214123
0.137	0.204344
0.138	0.194545
0.139	0.184726
0.14	0.174889
0.141	0.165034
0.142	0.155163
0.143	0.145276
0.144	0.135375
0.145	0.12546
0.146	0.115533
0.147	0.105594
0.148	0.095645
0.149	0.085686
0.15	0.0757185
0.151	0.0657434
0.152	0.0557618
0.153	0.0457745
0.154	0.0357827
0.155	0.0257874
0.156	0.0157894
0.157	0.00578985
0.158	-0.00421028
0.159	-0.01421
0.16	-0.0242083
0.161	-0.0342041
0.162	-0.0441966
0.163	-0.0541846
0.164	-0.0641672
0.165	-0.0741434
0.166	-0.0841121
0.167	-0.0940725
0.168	-0.104023
0.169	-0.113964
0.17	-0.123893
0.171	-0.13381
0.172	-0.143713
0.173	-0.153602
0.174	-0.163476
0.175	-0.173333
0.176	-0.183173
0.177	-0.192995
0.178	-0.202797
0.179	-0.212579
0.18	-0.22234
0.181	-0.232079
0.182	-0.241794
0.183	-0.251485
0.184	-0.261151
0.185	-0.270791
0.186	-0.280404
0.187	-0.289989
0.188	-0.299545
0.189	-0.309071
0.19	-0.318566
0.191	-0.328029
0.192	-0.337459
0.193	-0.346855
0.194	-0.356217
0.195	-0.365544
0.196	-0.374833
0.197	-0.384085
0.198	-0.393299
0.199	-0.402474
0.2	-0.411608
0.201	-0.420701
0.202	-0.429752
0.203	-0.43876
0.204	-0.447724
0.205	-0.456643
0.206	-0.465517
0.207	-0.474344
0.208	-0.483124
0.209	-0.491855
0.21	-0.500538
0.211	-0.50917
0.212	-0.517751
0.213	-0.52628
0.214	-0.534757
0.215	-0.543181
0.216	-0.55155
0.217	-0.559864
0.218	-0.568121
0.219	-0.576323
0.22	-0.584466
0.221	-0.592551
0.222	-0.600577
0.223	-0.608542
0.224	-0.616447
0.225	-0.624291
0.226	-0.632071
0.227	-0.639789
0.228	-0.647442
0.229	-0.655031
0.23	-0.662555
0.231	-0.670012
0.232	-0.677402
0.233	-0.684724
0.234	-0.691978
0.235	-0.699163
0.236	-0.706277
0.237	-0.713322
0.238	-0.720294
0.239	-0.727195
0.24	-0.734023
0.241	-0.740778
0.242	-0.747458
0.243	-0.754064
0.244	-0.760595
0.245	-0.767049
0.246	-0.773427
0.247	-0.779727
0.248	-0.785949
0.249	-0.792093
0.25	-0.798157
0.251	-0.804142
0.252	-0.810047
0.253	-0.81587
0.254	-0.821612
0.255	-0.827271
0.256	-0.832848
0.257	-0.838341
0.258	-0.843751
0.259	-0.849076
0.26	-0.854317
0.261	-0.859472
0.262	-0.864541
0.263	-0.869523
0.264	-0.874419
0.265	-0.879227
0.266	-0.883948
0.267	-0.888579
0.268	-0.893122
0.269	-0.897576
0.27	-0.90194
0.271	-0.906214
0.272	-0.910397
0.273	-0.914489
0.274	-0.91849
0.275	-0.922398
0.276	-0.926215
0.277	-0.929939
0.278	-0.93357
0.279	-0.937107
0.28	-0.940551
0.281	-0.943901
0.282	-0.947157
0.283	-0.950317
0.284	-0.953383
0.285	-0.956353
0.286	-0.959228
0.287	-0.962007
0.288	-0.964689
0.289	-0.967275
0.29	-0.969765
0.291	-0.972157
0.292	-0.974452
0.293	-0.97665
0.294	-0.97875
0.295	-0.980752
0.296	-0.982657
0.297	-0.984462
0.298	-0.98617
0.299	-0.987779
0.3	-0.989289
0.301	-0.9907
0.302	-0.992012
0.303	-0.993225
0.304	-0.994338
0.305	-0.995352
0.306	-0.996267
0.307	-0.997082
0.308	-0.997797
0.309	-0.998412
0.31	-0.998928
0.311	-0.999344
0.312	-0.999659
0.313	-0.999875
0.314	-0.999991
0.315	-1.00001
0.316	-0.999922
0.317	-0.999738
0.318	-0.999454
0.319	-0.99907
0.32	-0.998586
0.321	-0.998002
0.322	-0.997318
0.323	-0.996535
0.324	-0.995652
0.325	-0.994669
0.326	-0.993587
0.327	-0.992406
0.328	-0.991125
0.329	-0.989745
0.33	-0.988266
0.331	-0.986689
0.332	-0.985013
0.333	-0.983238
0.334	-0.981365
0.335	-0.979393
0.336	-0.977324
0.337	-0.975157
0.338	-0.972893
0.339	-0.970531
0.34	-0.968072
0.341	-0.965517
0.342	-0.962865
0.343	-0.960116
0.344	-0.957272
0.345	-0.954332
0.346	-0.951296
0.347	-0.948165
0.348	-0.94494
0.349	-0.94162
0.35	-0.938206
0.351	-0.934698
0.352	-0.931096
0.353	-0.927401
0.354	-0.923614
0.355	-0.919734
0.356	-0.915763
0.357	-0.9117
0.358	-0.907545
0.359	-0.9033
0.36	-0.898964
0.361	-0.894539
0.362	-0.890024
0.363	-0.88542
0.364	-0.880728
0.365	-0.875948
0.366	-0.871079
0.367	-0.866124
0.368	-0.861083
0.369	-0.855955
0.37	-0.850741
0.371	-0.845443
0.372	-0.840059
0.373	-0.834592
0.374	-0.829042
0.375	-0.823408
0.376	-0.817693
0.377	-0.811895
0.378	-0.806016
0.379	-0.800057
0.38	-0.794017
0.381	-0.787899
0.382	-0.781701
0.383	-0.775425
0.384	-0.769072
0.385	-0.762642
0.386	-0.756135
0.387	-0.749553
0.388	-0.742896
0.389	-0.736165
0.39	-0.72936
0.391	-0.722482
0.392	-0.715532
0.393	-0.70851
0.394	-0.701418
0.395	-0.694255
0.396	-0.687023
0.397	-0.679722
0.398	-0.672354
0.399	-0.664918
0.4	-0.657415
0.401	-0.649847
0.402	-0.642214
0.403	-0.634516
0.404	-0.626755
0.405	-0.618932
0.406	-0.611046
0.407	-0.6031
0.408	-0.595093
0.409	-0.587027
0.41	-0.578901
0.411	-0.570718
0.412	-0.562478
0.413	-0.554182
0.414	-0.54583
0.415	-0.537424
0.416	-0.528964
0.417	-0.520451
0.418	-0.511886
0.419	-0.50327
0.42	-0.494604
0.421	-0.485888
0.422	-0.477123
0.423	-0.468311
0.424	-0.459452
0.425	-0.450547
0.426	-0.441597
0.427	-0.432602
0.428	-0.423565
0.429	-0.414485
0.43	-0.405364
0.431	-0.396202
0.432	-0.387
0.433	-0.37776
0.434	-0.368482
0.435	-0.359167
0.436	-0.349817
0.437	-0.340431
0.438	-0.331011
0.439	-0.321559
0.44	-0.312074
0.441	-0.302557
0.442	-0.293011
0.443	-0.283435
0.444	-0.273831
0.445	-0.2642
0.446	-0.254542
0.447	-0.244858
0.448	-0.23515
0.449	-0.225419
0.45	-0.215665
0.451	-0.20589
0.452	-0.196094
0.453	-0.186278
0.454	-0.176444
0.455	-0.166592
0.456	-0.156723
0.457	-0.146839
0.458	-0.13694
0.459	-0.127027
0.46	-0.117102
0.461	-0.107165
0.462	-0.0972172
0.463	-0.0872597
0.464	-0.0772935
0.465	-0.0673195
0.466	-0.0573388
0.467	-0.0473524
0.468	-0.0373613
0.469	-0.0273664
0.47	-0.0173688
0.471	-0.0073694
0.472	0.0026307
0.473	0.0126305
0.474	0.0226291
0.475	0.0326254
0.476	0.0426185
0.477	0.0526072
0.478	0.0625908
0.479	0.072568
0.48	0.082538
0.481	0.0924998
0.482	0.102452
0.483	0.112395
0.484	0.122326
0.485	0.132244
0.486	0.14215
0.487	0.152041
0.488	0.161917
0.489	0.171777
0.49	0.18162
0.491	0.191445
0.492	0.20125
0.493	0.211036
0.494	0.2208
0.495	0.230542
0.496	0.240261
0.497	0.249956
0.498	0.259626
0.499	0.26927
0.5	0.278888
0.501	0.288477
0.502	0.298037
0.503	0.307568
0.504	0.317068
0.505	0.326536
0.506	0.335972
0.507	0.345373
0.508	0.354741
0.509	0.364073
0.51	0.373368
0.511	0.382627
0.512	0.391846
0.513	0.401027
0.514	0.410168
0.515	0.419267
0.516	0.428325
0.517	0.43734
0.518	0.446311
0.519	0.455238
0.52	0.464119
0.521	0.472953
0.522	0.48174
0.523	0.490479
0.524	0.499169
0.525	0.50781
0.526	0.516399
0.527	0.524937
0.528	0.533422
0.529	0.541854
0.53	0.550231
0.531	0.558554
0.532	0.566821
0.533	0.575031
0.534	0.583184
0.535	0.591278
0.536	0.599313
0.537	0.607288
0.538	0.615203
0.539	0.623056
0.54	0.630846
0.541	0.638574
0.542	0.646238
0.543	0.653837
0.544	0.661371
0.545	0.668838
0.546	0.676239
0.547	0.683572
0.548	0.690837
0.549	0.698032
0.55	0.705158
0.551	0.712214
0.552	0.719198
0.553	0.72611
0.554	0.732949
0.555	0.739716
0.556	0.746408
0.557	0.753026
0.558	0.759568
0.559	0.766035
0.56	0.772424
0.561	0.778737
0.562	0.784972
0.563	0.791128
0.564	0.797205
0.565	0.803202
0.566	0.809119
0.567	0.814955
0.568	0.82071
0.569	0.826383
0.57	0.831973
0.571	0.837479
0.572	0.842902
0.573	0.848241
0.574	0.853495
0.575	0.858663
0.576	0.863746
0.577	0.868742
0.578	0.873652
0.579	0.878474
0.58	0.883208
0.581	0.887854
0.582	0.892411
0.583	0.896879
0.584	0.901257
0.585	0.905545
0.586	0.909742
0.587	0.913849
0.588	0.917864
0.589	0.921787
0.59	0.925618
0.591	0.929357
0.592	0.933003
0.593	0.936555
0.594	0.940014
0.595	0.943378
0.596	0.946649
0.597	0.949824
0.598	0.952905
0.599	0.95589
0.6	0.95878
0.601	0.961574
0.602	0.964272
0.603	0.966873
0.604	0.969378
0.605	0.971786
0.606	0.974096
0.607	0.97631
0.608	0.978425
0.609	0.980443
0.61	0.982362
0.611	0.984184
0.612	0.985907
0.613	0.987531
0.614	0.989057
0.615	0.990484
0.616	0.991811
0.617	0.99304
0.618	0.994169
0.619	0.995199
0.62	0.996129
0.621	0.99696
0.622	0.997691
0.623	0.998322
0.624	0.998853
0.625	0.999285
0.626	0.999616
0.627	0.999848
0.628	0.999979
0.629	1.00001
0.63	0.999942
0.631	0.999774
0.632	0.999506
0.633	0.999137
0.634	0.998669
0.635	0.998101
0.636	0.997433
0.637	0.996665
0.638	0.995798
0.639	0.994831
0.64	0.993765
0.641	0.992599
0.642	0.991334
0.643	0.98997
0.644	0.988507
0.645	0.986945
0.646	0.985284
0.647	0.983525
0.648	0.981667
0.649	0.979711
0.65	0.977658
0.651	0.975506
0.652	0.973257
0.653	0.970911
0.654	0.968467
0.655	0.965927
0.656	0.96329
0.657	0.960557
0.658	0.957727
0.659	0.954802
0.66	0.951782
0.661	0.948666
0.662	0.945456
0.663	0.94215
0.664	0.938751
0.665	0.935258
0.666	0.931671
0.667	0.927991
0.668	0.924219
0.669	0.920353
0.67	0.916396
0.671	0.912347
0.672	0.908207
0.673	0.903977
0.674	0.899655
0.675	0.895244
0.676	0.890743
0.677	0.886153
0.678	0.881475
0.679	0.876708
0.68	0.871854
0.681	0.866913
0.682	0.861885
0.683	0.85677
0.684	0.85157
0.685	0.846285
0.686	0.840915
0.687	0.835462
0.688	0.829924
0.689	0.824304
0.69	0.818601
0.691	0.812816
0.692	0.80695
0.693	0.801003
0.694	0.794977
0.695	0.78887
0.696	0.782685
0.697	0.776422
0.698	0.770081
0.699	0.763663
0.7	0.757168
0.701	0.750598
0.702	0.743953
0.703	0.737233
0.704	0.73044
0.705	0.723573
0.706	0.716635
0.707	0.709624
0.708	0.702543
0.709	0.695391
0.71	0.68817
0.711	0.68088
0.712	0.673522
0.713	0.666097
0.714	0.658605
0.715	0.651047
0.716	0.643424
0.717	0.635736
0.718	0.627985
0.719	0.620172
0.72	0.612296
0.721	0.604359
0.722	0.596362
0.723	0.588305
0.724	0.580189
0.725	0.572015
0.726	0.563784
0.727	0.555496
0.728	0.547153
0.729	0.538756
0.73	0.530304
0.731	0.521799
0.732	0.513243
0.733	0.504634
0.734	0.495976
0.735	0.487268
0.736	0.478511
0.737	0.469706
0.738	0.460854
0.739	0.451956
0.74	0.443013
0.741	0.434026
0.742	0.424995
0.743	0.415922
0.744	0.406807
0.745	0.397652
0.746	0.388456
0.747	0.379222
0.748	0.36995
0.749	0.360641
0.75	0.351296
0.751	0.341916
0.752	0.332501
0.753	0.323054
0.754	0.313574
0.755	0.304063
0.756	0.294521
0.757	0.28495
0.758	0.27535
0.759	0.265723
0.76	0.256069
0.761	0.246389
0.762	0.236685
0.763	0.226958
0.764	0.217207
0.765	0.207435
0.766	0.197642
0.767	0.18783
0.768	0.177998
0.769	0.168149
0.77	0.158283
0.771	0.148401
0.772	0.138505
0.773	0.128594
0.774	0.118671
0.775	0.108735
0.776	0.0987892
0.777	0.0888331
0.778	0.0788682
0.779	0.0688954
0.78	0.0589158
0.781	0.0489302
0.782	0.0389397
0.783	0.0289453
0.784	0.0189481
0.785	0.00894894
0.786	-0.00105111
0.787	-0.0110511
0.788	-0.0210499
0.789	-0.0310466
0.79	-0.0410402
0.791	-0.0510298
0.792	-0.0610142
0.793	-0.0709925
0.794	-0.0809637
0.795	-0.0909269
0.796	-0.100881
0.797	-0.110825
0.798	-0.120758
0.799	-0.130678
0.8	-0.140586
0.801	-0.15048
0.802	-0.160358
0.803	-0.170221
0.804	-0.180067
0.805	-0.189894
0.806	-0.199703
0.807	-0.209491
0.808	-0.219259
0.809	-0.229005
0.81	-0.238727
0.811	-0.248426
0.812	-0.2581
0.813	-0.267749
0.814	-0.27737
0.815	-0.286964
0.816	-0.296529
0.817	-0.306065
0.818	-0.315569
0.819	-0.325043
0.82	-0.334483
0.821	-0.343891
0.822	-0.353264
0.823	-0.362601
0.824	-0.371902
0.825	-0.381167
0.826	-0.390393
0.827	-0.39958
0.828	-0.408727
0.829	-0.417833
0.83	-0.426897
0.831	-0.435919
0.832	-0.444897
0.833	-0.453831
0.834	-0.462719
0.835	-0.471561
0.836	-0.480356
0.837	-0.489102
0.838	-0.4978
0.839	-0.506448
0.84	-0.515046
0.841	-0.523592
0.842	-0.532085
0.843	-0.540525
0.844	-0.548912
0.845	-0.557243
0.846	-0.565519
0.847	-0.573738
0.848	-0.5819
0.849	-0.590003
0.85	-0.598048
0.851	-0.606033
0.852	-0.613957
0.853	-0.621819
0.854	-0.62962
0.855	-0.637358
0.856	-0.645032
0.857	-0.652641
0.858	-0.660185
0.859	-0.667663
0.86	-0.675074
0.861	-0.682418
0.862	-0.689694
0.863	-0.6969
0.864	-0.704037
0.865	-0.711104
0.866	-0.718099
0.867	-0.725023
0.868	-0.731874
0.869	-0.738652
0.87	-0.745356
0.871	-0.751985
0.872	-0.75854
0.873	-0.765018
0.874	-0.77142
0.875	-0.777745
0.876	-0.783992
0.877	-0.790161
0.878	-0.79625
0.879	-0.80226
0.88	-0.80819
0.881	-0.814039
0.882	-0.819806
0.883	-0.825492
0.884	-0.831095
0.885	-0.836615
0.886	-0.842051
0.887	-0.847403
0.888	-0.852671
0.889	-0.857853
0.89	-0.862949
0.891	-0.867959
0.892	-0.872882
0.893	-0.877718
0.894	-0.882466
0.895	-0.887126
0.896	-0.891697
0.897	-0.896179
0.898	-0.900571
0.899	-0.904873
0.9	-0.909085
0.901	-0.913206
0.902	-0.917236
0.903	-0.921174
0.904	-0.925019
0.905	-0.928773
0.906	-0.932433
0.907	-0.936
0.908	-0.939474
0.909	-0.942853
0.91	-0.946138
0.911	-0.949329
0.912	-0.952425
0.913	-0.955425
0.914	-0.95833
0.915	-0.961139
0.916	-0.963852
0.917	-0.966469
0.918	-0.968989
0.919	-0.971412
0.92	-0.973738
0.921	-0.975966
0.922	-0.978097
0.923	-0.980131
0.924	-0.982066
0.925	-0.983903
0.926	-0.985641
0.927	-0.987281
0.928	-0.988822
0.929	-0.990265
0.93	-0.991608
0.931	-0.992852
0.932	-0.993997
0.933	-0.995043
0.934	-0.995989
0.935	-0.996835
0.936	-0.997582
0.937	-0.998229
0.938	-0.998776
0.939	-0.999223
0.94	-0.99957
0.941	-0.999818
0.942	-0.999965
0.943	-1.00001
0.944	-0.99996
0.945	-0.999807
0.946	-0.999555
0.947	-0.999202
0.948	-0.99875
0.949	-0.998197
0.95	-0.997545
0.951	-0.996793
0.952	-0.995942
0.953	-0.99499
0.954	-0.99394
0.955	-0.99279
0.956	-0.99154
0.957	-0.990192
0.958	-0.988744
0.959	-0.987198
0.96	-0.985553
0.961	-0.983809
0.962	-0.981967
0.963	-0.980027
0.964	-0.977988
0.965	-0.975852
0.966	-0.973619
0.967	-0.971288
0.968	-0.96886
0.969	-0.966335
0.97	-0.963713
0.971	-0.960995
0.972	-0.958181
0.973	-0.955271
0.974	-0.952265
0.975	-0.949165
0.976	-0.945969
0.977	-0.942679
0.978	-0.939294
0.979	-0.935816
0.98	-0.932244
0.981	-0.928579
0.982	-0.924821
0.983	-0.92097
0.984	-0.917027
0.985	-0.912993
0.986	-0.908867
0.987	-0.904651
0.988	-0.900344
0.989	-0.895947
0.99	-0.89146
0.991	-0.886884
0.992	-0.88222
0.993	-0.877467
0.994	-0.872627
0.995	-0.867699
0.996	-0.862685
0.997	-0.857584
0.998	-0.852397
0.999	-0.847126
1	-0.841769
