0 -4.80653e-19
661.624 -4.80653e-19
1323.25 -4.80653e-19
1984.87 -4.80653e-19
2646.5 -4.80653e-19
3308.12 -4.80653e-19
3969.74 -4.80653e-19
4631.37 -4.80653e-19
5292.99 -4.80653e-19
5954.61 -4.80653e-19
6616.24 -4.80653e-19
7277.86 -4.80653e-19
7939.49 -4.80653e-19
8601.11 -4.80653e-19
9262.73 -4.80653e-19
9924.36 -4.80615e-19
10586 -4.80525e-19
11247.6 -4.80463e-19
11909.2 -4.80301e-19
12570.9 -4.7964e-19
13232.5 -4.79243e-19
13894.1 -4.79224e-19
14555.7 -4.78794e-19
15217.3 -4.77641e-19
15879 -4.77513e-19
16540.6 -4.77256e-19
17202.2 -4.76904e-19
17863.8 -4.75109e-19
18525.5 -4.74661e-19
19187.1 -4.7434e-19
19848.7 -4.73091e-19
20510.3 -4.67611e-19
21172 -4.65731e-19
21833.6 -4.61843e-19
22495.2 -4.5923e-19
23156.8 -4.59152e-19
23818.5 -4.56819e-19
24480.1 -4.53512e-19
25141.7 -4.51432e-19
25803.3 -4.49667e-19
26465 -4.36644e-19
27126.6 -4.33982e-19
27788.2 -4.28577e-19
28449.8 -4.25581e-19
29111.5 -4.19168e-19
29773.1 -4.15739e-19
30434.7 -4.02323e-19
31096.3 -3.9499e-19
31757.9 -3.88795e-19
32419.6 -3.8345e-19
33081.2 -3.77756e-19
33742.8 -3.57676e-19
34404.4 -3.59991e-19
35066.1 -3.53086e-19
35727.7 -3.49353e-19
36389.3 -3.14724e-19
37050.9 -3.12047e-19
37712.6 -2.81717e-19
38374.2 -2.78533e-19
39035.8 -2.77283e-19
39697.4 -2.48375e-19
40359.1 -2.70665e-19
41020.7 -2.53953e-19
41682.3 -2.46017e-19
42343.9 -2.37431e-19
43005.6 -2.08682e-19
43667.2 -2.22736e-19
44328.8 -1.97472e-19
44990.4 -1.94988e-19
45652 -1.55921e-19
46313.7 -1.45965e-19
46975.3 -1.35989e-19
47636.9 -1.10347e-19
48298.5 -1.24813e-19
48960.2 -9.93284e-20
49621.8 -9.39938e-20
50283.4 -7.97683e-20
50945 -7.32033e-20
51606.7 -7.82221e-20
52268.3 -7.99969e-20
52929.9 -7.82625e-20
53591.5 -7.63779e-20
54253.2 -6.11869e-20
54914.8 -6.01251e-20
55576.4 -5.07452e-20
56238 -4.07818e-20
56899.7 -5.32796e-20
57561.3 -4.1278e-20
58222.9 -4.00271e-20
58884.5 -3.67114e-20
59546.1 -3.7081e-20
60207.8 -3.80535e-20
60869.4 -3.45511e-20
61531 -3.48322e-20
62192.6 -3.8307e-20
62854.3 -3.57002e-20
63515.9 -3.52008e-20
64177.5 -3.55901e-20
64839.1 -3.44081e-20
65500.8 -3.46015e-20
66162.4 -3.13883e-20
66824 -2.88598e-20
67485.6 -3.33999e-20
68147.3 -3.28262e-20
68808.9 -3.8533e-20
69470.5 -3.59364e-20
70132.1 -3.41052e-20
70793.8 -3.88785e-20
71455.4 -3.83879e-20
72117 -3.08675e-20
72778.6 -3.01099e-20
73440.3 -2.92977e-20
74101.9 -3.19092e-20
74763.5 -3.47035e-20
75425.1 -2.67624e-20
76086.7 -2.60022e-20
76748.4 -3.39431e-20
77410 -2.88904e-20
78071.6 -2.17638e-20
78733.2 -2.1195e-20
79394.9 -2.12277e-20
80056.5 -1.83134e-20
80718.1 -2.12306e-20
81379.7 -2.11701e-20
82041.4 -2.23304e-20
82703 -2.24865e-20
83364.6 -2.25362e-20
84026.2 -2.33624e-20
84687.9 -2.14687e-20
85349.5 -2.42452e-20
86011.1 -2.39718e-20
86672.7 -1.82929e-20
87334.4 -1.65479e-20
87996 -1.26855e-20
88657.6 -1.92425e-20
89319.2 -2.17841e-20
89980.8 -1.58331e-20
90642.5 -1.55516e-20
91304.1 -1.62497e-20
91965.7 -1.51998e-20
92627.3 -1.97709e-20
93289 -1.83568e-20
93950.6 -1.83548e-20
94612.2 -1.85336e-20
95273.8 -1.72005e-20
95935.5 -1.70725e-20
96597.1 -1.46852e-20
97258.7 -1.48783e-20
97920.3 -1.69658e-20
98582 -1.60351e-20
99243.6 -1.53245e-20
99905.2 -1.84093e-20
100567 -1.87086e-20
101228 -2.29969e-20
101890 -2.28682e-20
102552 -2.28733e-20
103213 -2.45106e-20
103875 -1.81106e-20
104537 -1.85909e-20
105198 -1.83176e-20
105860 -2.14419e-20
106521 -2.14428e-20
107183 -2.2103e-20
107845 -2.1751e-20
108506 -2.24898e-20
109168 -1.82019e-20
109830 -1.83593e-20
110491 -1.9848e-20
111153 -1.98338e-20
111814 -1.6934e-20
112476 -1.7983e-20
113138 -2.02092e-20
113799 -1.70035e-20
114461 -1.67776e-20
115123 -1.62723e-20
115784 -1.61125e-20
116446 -8.39951e-21
117107 -8.51333e-21
117769 -1.39178e-20
118431 -1.44624e-20
119092 -1.47122e-20
119754 -1.35526e-20
120416 -1.36891e-20
121077 -1.65483e-20
121739 -1.65727e-20
122400 -1.55507e-20
123062 -1.84903e-20
123724 -1.62602e-20
124385 -1.51271e-20
125047 -1.42806e-20
125709 -9.39734e-21
126370 -1.09188e-20
127032 -1.67749e-20
127693 -1.76497e-20
128355 -1.7379e-20
129017 -2.08509e-20
129678 -2.05946e-20
130340 -2.07905e-20
131002 -1.73162e-20
131663 -2.01256e-20
