0 1
661.624 1
1323.25 1
1984.87 1
2646.5 1
3308.12 1
3969.74 1
4631.37 1
5292.99 1
5954.61 1
6616.24 1
7277.86 1
7939.49 1
8601.11 1
9262.73 1
9924.36 0.999941
10586 0.9998
11247.6 0.999656
11909.2 0.9993
12570.9 0.998302
13232.5 0.9977
13894.1 0.99767
14555.7 0.997
15217.3 0.9952
15879 0.995
16540.6 0.9946
17202.2 0.994
17863.8 0.9911
18525.5 0.9904
19187.1 0.9898
19848.7 0.9878
20510.3 0.9788
21172 0.975723
21833.6 0.9684
22495.2 0.964111
23156.8 0.9642
23818.5 0.960197
24480.1 0.9547
25141.7 0.950178
25803.3 0.946901
26465 0.922667
27126.6 0.918334
27788.2 0.909633
28449.8 0.904384
29111.5 0.891085
29773.1 0.884883
30434.7 0.858152
31096.3 0.844102
31757.9 0.8327
32419.6 0.82225
33081.2 0.810834
33742.8 0.769122
34404.4 0.773892
35066.1 0.754887
35727.7 0.748207
36389.3 0.674015
37050.9 0.669207
37712.6 0.599846
38374.2 0.59167
39035.8 0.590928
39697.4 0.519827
40359.1 0.575664
41020.7 0.538564
41682.3 0.520487
42343.9 0.500488
43005.6 0.430243
43667.2 0.464925
44328.8 0.406857
44990.4 0.402422
45652 0.31052
46313.7 0.280228
46975.3 0.250165
47636.9 0.180372
48298.5 0.220439
48960.2 0.155867
49621.8 0.143051
50283.4 0.105902
50945 0.0871244
51606.7 0.0944664
52268.3 0.0959864
52929.9 0.0931976
53591.5 0.089846
54253.2 0.0544048
54914.8 0.0535356
55576.4 0.0294292
56238 0.0057716
56899.7 0.0331052
57561.3 0.0090096
58222.9 0.0074452
58884.5 0.0011804
59546.1 -0.0018692
60207.8 0.000718
60869.4 0.0039028
61531 0.0056872
62192.6 0.0122152
62854.3 0.0058992
63515.9 -0.0041916
64177.5 0.004862
64839.1 0.0035696
65500.8 -7.08e-05
66162.4 -0.0066416
66824 0.0048968
67485.6 0.0112336
68147.3 0.0105424
68808.9 0.0250384
69470.5 0.0186216
70132.1 0.0183736
70793.8 0.0307656
71455.4 0.0232912
72117 0.0108276
72778.6 0.0091592
73440.3 0.0039508
74101.9 0.0133252
74763.5 0.0207744
75425.1 -0.0024664
76086.7 -0.0040064
76748.4 0.0226812
77410 0.0100224
78071.6 -0.0178016
78733.2 -0.0170988
79394.9 -0.0163276
80056.5 -0.0172624
80718.1 -0.009052
81379.7 -0.00507
82041.4 -0.0102128
82703 -0.007974
83364.6 -0.007152
84026.2 -0.003706
84687.9 -0.0056936
85349.5 -0.000162
86011.1 -1.56e-05
86672.7 -0.0051044
87334.4 -0.0100144
87996 -0.02214
88657.6 -0.0062616
89319.2 -0.0054004
89980.8 -0.0203864
90642.5 -0.0196216
91304.1 -0.0100452
91965.7 -0.0147088
92627.3 -0.0123584
93289 -0.010062
93950.6 -0.009702
94612.2 -0.0073436
95273.8 -0.0095096
95935.5 -0.0038672
96597.1 -0.0147384
97258.7 -0.014018
97920.3 -0.0111512
98582 -0.0128288
99243.6 -0.0179012
99905.2 -0.0117288
100567 -0.010792
101228 0.0062016
101890 0.0062992
102552 0.009406
103213 0.012286
103875 -0.0012476
104537 -0.0027352
105198 -0.003634
105860 0.0067736
106521 0.0068764
107183 0.0105248
107845 0.0090576
108506 0.0100188
109168 0.0069424
109830 -0.00204
110491 0.0076152
111153 0.007776
111814 -0.0035788
112476 -0.002432
113138 -0.0001808
113799 -0.0042704
114461 -0.0031072
115123 0.0105488
115784 0.0101504
116446 -0.0210284
117107 -0.0235004
117769 -0.009916
118431 -0.0063728
119092 -0.0057844
119754 0.0008208
120416 0.0011788
121077 0.0042024
121739 0.0040584
122400 -0.000242
123062 0.0090788
123724 -0.0002808
124385 -0.0029012
125047 -0.0045852
125709 -0.0160332
126370 -0.0104672
127032 0.004516
127693 0.0053628
128355 0.0049704
129017 0.0118204
129678 0.0117128
130340 0.0151812
131002 0.0064408
131663 0.0138816
