0 -inf
661.624 -4.24545e-30
1323.25 -1.06136e-30
1984.87 -4.71716e-31
2646.5 -2.6534e-31
3308.12 -1.69818e-31
3969.74 -1.17929e-31
4631.37 -8.66418e-32
5292.99 -6.63351e-32
5954.61 -5.24129e-32
6616.24 -4.24545e-32
7277.86 -3.50863e-32
7939.49 -2.94823e-32
8601.11 -2.5121e-32
9262.73 -2.16604e-32
9924.36 2.51753e-26
10586 9.50803e-33
11247.6 3.47637e-26
11909.2 1.31089e-25
12570.9 6.18559e-25
13232.5 4.24729e-25
13894.1 1.84108e-25
14555.7 2.2465e-25
15217.3 6.29467e-25
15879 2.94951e-25
16540.6 1.56572e-24
17202.2 1.10832e-24
17863.8 3.54466e-24
18525.5 2.9666e-24
19187.1 4.8503e-24
19848.7 1.93299e-24
20510.3 1.73268e-23
21172 1.34243e-23
21833.6 1.24072e-23
22495.2 2.05635e-23
23156.8 2.30845e-23
23818.5 3.93173e-23
24480.1 5.63026e-23
25141.7 5.52651e-23
25803.3 5.96257e-23
26465 5.02616e-23
27126.6 3.81678e-23
27788.2 5.31189e-23
28449.8 4.26206e-23
29111.5 9.34412e-23
29773.1 7.02024e-23
30434.7 5.12045e-23
31096.3 1.08627e-22
31757.9 9.59483e-23
32419.6 1.12118e-22
33081.2 1.24843e-22
33742.8 1.42629e-22
34404.4 1.32236e-22
35066.1 1.21785e-22
35727.7 1.30364e-22
36389.3 1.20464e-22
37050.9 1.07214e-22
37712.6 1.05876e-22
38374.2 1.33684e-22
39035.8 1.31283e-22
39697.4 5.74445e-23
40359.1 8.93354e-23
41020.7 2.02356e-22
41682.3 2.66217e-22
42343.9 1.3923e-22
43005.6 2.36148e-22
43667.2 1.30498e-22
44328.8 1.21345e-22
44990.4 1.23648e-22
45652 5.20734e-23
46313.7 7.008e-23
46975.3 2.8637e-23
47636.9 6.13742e-23
48298.5 6.86343e-23
48960.2 1.91607e-23
49621.8 3.51134e-23
50283.4 1.27414e-23
50945 7.02382e-24
51606.7 1.61958e-23
52268.3 4.62935e-24
52929.9 2.9882e-24
53591.5 9.5123e-25
54253.2 2.26204e-23
54914.8 2.04673e-23
55576.4 1.21394e-23
56238 1.42492e-23
56899.7 6.70293e-24
57561.3 1.50202e-23
58222.9 1.53532e-23
58884.5 2.47004e-24
59546.1 2.11053e-24
60207.8 1.23266e-25
60869.4 3.14581e-24
61531 3.16755e-24
62192.6 1.57052e-24
62854.3 1.53912e-24
63515.9 9.47341e-25
64177.5 2.96079e-24
64839.1 3.5774e-24
65500.8 1.68891e-24
66162.4 2.95859e-24
66824 1.84362e-24
67485.6 2.93755e-26
68147.3 3.88453e-26
68808.9 3.36095e-24
69470.5 7.5379e-24
70132.1 7.36004e-24
70793.8 1.52728e-24
71455.4 8.34251e-24
72117 2.25085e-24
72778.6 2.39229e-24
73440.3 4.57222e-24
74101.9 4.41722e-24
74763.5 2.96396e-24
75425.1 3.02923e-24
76086.7 3.33448e-24
76748.4 3.31856e-25
77410 4.77269e-24
78071.6 2.44928e-24
78733.2 3.2491e-24
79394.9 3.68746e-24
80056.5 2.02746e-25
80718.1 6.97067e-25
81379.7 1.05986e-24
82041.4 3.64844e-26
82703 7.387e-26
83364.6 1.91865e-24
84026.2 2.32747e-24
84687.9 5.45872e-25
85349.5 6.88956e-24
86011.1 6.39448e-24
86672.7 2.36907e-24
87334.4 1.89061e-24
87996 3.02602e-26
88657.6 1.03225e-24
89319.2 1.5535e-25
89980.8 5.1864e-24
90642.5 4.99616e-24
91304.1 2.49071e-24
91965.7 2.66734e-24
92627.3 3.341e-24
93289 5.23579e-24
93950.6 5.19589e-24
94612.2 4.27342e-26
95273.8 2.38412e-25
95935.5 9.68399e-26
96597.1 2.04021e-26
97258.7 1.67736e-26
97920.3 2.84104e-25
98582 3.08461e-25
99243.6 5.93057e-25
99905.2 3.25213e-25
100567 4.2896e-26
101228 8.93664e-26
101890 9.68773e-26
102552 7.0671e-24
103213 4.40857e-24
103875 6.78562e-25
104537 5.46372e-25
105198 5.33712e-25
105860 5.27728e-26
106521 7.93569e-26
107183 7.29972e-26
107845 1.27985e-25
108506 4.38544e-25
109168 6.56529e-25
109830 6.88812e-24
110491 1.22609e-24
111153 1.21831e-24
111814 8.9424e-25
112476 8.27725e-25
113138 4.32748e-25
113799 9.02789e-25
114461 6.42403e-25
115123 2.80042e-25
115784 3.16469e-25
116446 1.18426e-25
117107 7.51062e-26
117769 2.27564e-25
118431 5.05116e-26
119092 3.14836e-26
119754 7.79901e-25
120416 7.89786e-25
121077 2.33987e-24
121739 1.45111e-24
122400 1.51301e-26
123062 1.39036e-24
123724 4.35593e-25
124385 7.51264e-25
125047 1.02465e-24
125709 2.13517e-24
126370 1.54337e-24
127032 6.02857e-25
127693 7.99371e-25
128355 8.0819e-25
129017 1.89146e-25
129678 1.46568e-25
130340 3.64069e-26
131002 7.38611e-25
131663 2.41154e-24
