0 -nan
661.624 0
1323.25 0
1984.87 0
2646.5 0
3308.12 0
3969.74 0
4631.37 0
5292.99 0
5954.61 0
6616.24 0
7277.86 0
7939.49 0
8601.11 0
9262.73 0
9924.36 6.08325e+14
10586 -1.24455e+07
11247.6 1.75567e+15
11909.2 5.4736e+15
12570.9 1.82757e+16
13232.5 1.3684e+16
13894.1 6.22821e+15
14555.7 7.96159e+15
15217.3 3.04618e+16
15879 1.64208e+16
16540.6 6.30558e+16
17202.2 4.21046e+16
17863.8 1.78804e+17
18525.5 1.56388e+17
19187.1 2.55183e+17
19848.7 1.1823e+17
20510.3 1.02974e+18
21172 8.30981e+17
21833.6 7.37111e+17
22495.2 1.28683e+18
23156.8 1.6671e+18
23818.5 2.87149e+18
24480.1 4.05016e+18
25141.7 4.44419e+18
25803.3 4.97078e+18
26465 4.52499e+18
27126.6 3.45713e+18
27788.2 4.98873e+18
28449.8 4.22902e+18
29111.5 8.78068e+18
29773.1 7.01464e+18
30434.7 4.9535e+18
31096.3 1.18827e+19
31757.9 1.07435e+19
32419.6 1.31097e+19
33081.2 1.48575e+19
33742.8 1.93357e+19
34404.4 1.58642e+19
35066.1 1.79515e+19
35727.7 1.9662e+19
36389.3 1.96664e+19
37050.9 1.82075e+19
37712.6 1.65632e+19
38374.2 2.06883e+19
39035.8 2.0004e+19
39697.4 7.56045e+18
40359.1 1.21787e+19
41020.7 3.57238e+19
41682.3 5.23291e+19
42343.9 2.49688e+19
43005.6 5.41602e+19
43667.2 2.17936e+19
44328.8 2.23553e+19
44990.4 2.3001e+19
45652 1.16178e+19
46313.7 2.39312e+19
46975.3 6.77059e+18
47636.9 9.89906e+18
48298.5 1.55472e+19
48960.2 2.53884e+18
49621.8 9.26781e+18
50283.4 1.66143e+18
50945 9.41565e+17
51606.7 2.21315e+18
52268.3 3.72096e+17
52929.9 2.98909e+17
53591.5 8.87826e+16
54253.2 3.72278e+18
54914.8 3.71792e+18
55576.4 2.26405e+18
56238 3.95621e+18
56899.7 4.58141e+17
57561.3 2.04074e+18
58222.9 2.29424e+18
58884.5 1.97872e+17
59546.1 1.90975e+17
60207.8 9.75809e+17
60869.4 1.32647e+17
61531 1.6966e+17
62192.6 1.72424e+17
62854.3 2.49401e+17
63515.9 4.00027e+17
64177.5 1.00237e+17
64839.1 1.51629e+17
65500.8 2.67186e+17
66162.4 6.18884e+17
66824 1.09937e+17
67485.6 9.02715e+17
68147.3 9.68434e+17
68808.9 1.87766e+17
69470.5 1.68947e+18
70132.1 1.35519e+18
70793.8 2.77761e+17
71455.4 2.20197e+18
72117 6.89689e+16
72778.6 2.10794e+17
73440.3 8.02474e+17
74101.9 7.86164e+17
74763.5 5.56883e+16
75425.1 4.16102e+17
76086.7 5.66879e+17
76748.4 1.45851e+18
77410 1.39687e+18
78071.6 1.21938e+17
78733.2 8.18493e+17
79394.9 9.38581e+17
80056.5 2.97394e+17
80718.1 1.30681e+18
81379.7 9.04995e+16
82041.4 9.77167e+17
82703 1.26082e+18
83364.6 3.42865e+17
84026.2 6.18798e+17
84687.9 8.99726e+16
85349.5 9.45397e+17
86011.1 8.96128e+17
86672.7 1.21042e+17
87334.4 4.26255e+17
87996 5.00028e+16
88657.6 4.53201e+17
89319.2 8.10948e+16
89980.8 1.0612e+18
90642.5 9.9898e+17
91304.1 7.16863e+16
91965.7 5.79002e+17
92627.3 3.16542e+17
93289 2.46204e+17
93950.6 2.65435e+17
94612.2 3.90368e+17
95273.8 4.69454e+17
95935.5 1.04964e+18
96597.1 8.44959e+17
97258.7 8.36877e+17
97920.3 5.70597e+17
98582 5.11125e+17
99243.6 7.29678e+16
99905.2 4.33462e+17
100567 4.19516e+17
101228 3.44585e+17
101890 3.52024e+17
102552 1.27305e+18
103213 8.60455e+17
103875 1.23394e+18
104537 1.24159e+17
105198 2.63562e+16
105860 9.24224e+17
106521 8.93786e+17
107183 1.0853e+18
107845 7.75026e+17
108506 1.58691e+17
109168 3.80259e+16
109830 1.15862e+18
110491 1.05403e+16
111153 1.12333e+16
111814 4.40019e+16
112476 9.09133e+16
113138 9.56886e+16
113799 8.35979e+16
114461 1.24967e+17
115123 1.58798e+18
115784 1.65881e+18
116446 1.22868e+17
117107 5.55889e+17
117769 5.92652e+17
118431 4.55327e+17
119092 4.63475e+17
119754 2.91263e+16
120416 2.54771e+16
121077 3.49506e+17
121739 3.49615e+17
122400 1.8303e+17
123062 1.63562e+17
123724 6.52806e+16
124385 1.08452e+16
125047 2.26531e+17
125709 1.24043e+18
126370 1.84035e+18
127032 1.19652e+16
127693 6.95827e+16
128355 7.2958e+16
129017 3.84505e+17
129678 4.86178e+17
130340 5.28048e+17
131002 5.92121e+17
131663 5.22207e+17
